test #1
input: 
1 2 3
4 5 6
7 8 9
5 4 3
output: 
1 4 7 5
2 5 8 4
3 6 9 3

test #2
input: 
10 20 30
40 50 60
7 80 9
output: 
10 40 7
20 50 80
30 60 9

test #3
input: 
1 2
3 4
5 6
7 8
output: 
1 3 5 7
2 4 6 8
